corpus A	release A	corpus B	release B	size A	size B	A∩B	A∩B/A	A∩B/B
Tatoeba	v2021-07-22	Tatoeba	v2022-03-03	81194	80545	80545	100.00	99.20
Tatoeba	v2021-07-22	Tatoeba	v2021-03-10	80040	80545	80040	99.37	100.00
Tatoeba	v2021-07-22	Tatoeba	v2020-11-09	79854	80545	79854	99.14	100.00
Tatoeba	v2021-07-22	Tatoeba	v2020-05-31	79685	80545	79671	98.91	99.98
Tatoeba	v2021-07-22	Tatoeba	v20190709	78808	80545	78808	97.84	100.00
Tatoeba	v2021-07-22	Tatoeba	v2	12207	80545	11809	14.66	96.73
Tatoeba	v2021-07-22	OpenSubtitles	v2018	23382097	80545	8050	9.99	.03
Tatoeba	v2021-07-22	ParaCrawl	v9	31315288	80545	1208	1.49	0
Tatoeba	v2021-07-22	OpenSubtitles	v1	103215	80545	679	.84	.65
Tatoeba	v2021-07-22	QED	v2.0a	96483	80545	398	.49	.41
Tatoeba	v2021-07-22	CCMatrix	v1	35804134	80545	346	.42	0
Tatoeba	v2021-07-22	CCAligned	v1	9646025	80545	265	.32	0
Tatoeba	v2021-07-22	ELRC-4239-NTEU_TierA	v1	12577938	80545	184	.22	0
Tatoeba	v2021-07-22	Europarl	v8	1920092	80545	151	.18	0
Tatoeba	v2021-07-22	TED2020	v1	43555	80545	41	.05	.09
Tatoeba	v2021-07-22	EUbookshop	v2	1828277	80545	30	.03	0
Tatoeba	v2021-07-22	WikiMatrix	v1	375724	80545	28	.03	0
Tatoeba	v2021-07-22	TildeMODEL	v2018	3022117	80545	19	.02	0
Tatoeba	v2021-07-22	bible-uedin	v1	61310	80545	1	0	0
Tatoeba	v2021-07-22	Books	v1	3634	80545	0	0	0
Tatoeba	v2021-07-22	DGT	v2019	3624390	80545	7	0	0
Tatoeba	v2021-07-22	ECB	v1	157318	80545	0	0	0
Tatoeba	v2021-07-22	ELITR-ECA	v1	321871	80545	1	0	0
Tatoeba	v2021-07-22	ELRA-W0217	v1	9940	80545	1	0	.01
Tatoeba	v2021-07-22	ELRA-W0220	v1	53843	80545	0	0	0
Tatoeba	v2021-07-22	ELRA-W0305	v1	15	80545	0	0	0
Tatoeba	v2021-07-22	ELRC-1127-www.vtv.fi	v1	42629	80545	1	0	0
Tatoeba	v2021-07-22	ELRC-1128-www.visitestonia.com	v1	14606	80545	2	0	.01
Tatoeba	v2021-07-22	ELRC-1769-valtioneuvosto.fi	v1	49316	80545	1	0	0
Tatoeba	v2021-07-22	ELRC-1771-vnk.fi	v1	31527	80545	1	0	0
Tatoeba	v2021-07-22	ELRC-2017-EUIPO_2017	v1	16802	80545	1	0	0
Tatoeba	v2021-07-22	ELRC-2032-www.turku.fi	v1	17670	80545	8	0	.04
Tatoeba	v2021-07-22	ELRC-2036-www.vero.fi	v1	21285	80545	1	0	0
Tatoeba	v2021-07-22	ELRC-2708-EMEA	v1	746684	80545	8	0	0
Tatoeba	v2021-07-22	ELRC-2739-vaccination	v1	471	80545	1	0	.21
Tatoeba	v2021-07-22	ELRC-2869-EU_publications_medi	v1	12933	80545	3	0	.02
Tatoeba	v2021-07-22	ELRC_2922	v1	333	80545	0	0	0
Tatoeba	v2021-07-22	ELRC_2923	v1	396	80545	0	0	0
Tatoeba	v2021-07-22	ELRC-3045-wikipedia_health	v1	334	80545	1	0	.29
Tatoeba	v2021-07-22	ELRC-3196-antibiotic	v1	882	80545	1	0	.11
Tatoeba	v2021-07-22	ELRC-3287-EUROPARL_covid	v1	695	80545	1	0	.14
Tatoeba	v2021-07-22	ELRC_3382	v1	3355	80545	1	0	.02
Tatoeba	v2021-07-22	ELRC-3458-EC_EUROPA_covid	v1	2598	80545	3	0	.11
Tatoeba	v2021-07-22	ELRC-3559-EUR_LEX_covid	v1	21735	80545	1	0	0
Tatoeba	v2021-07-22	ELRC-3600-presscorner_covid	v1	6752	80545	3	0	.04
Tatoeba	v2021-07-22	ELRC-401-Swedish_Labour_Part2	v1	171	80545	1	0	.58
Tatoeba	v2021-07-22	ELRC-406-Swedish_Labour_Part1	v1	41	80545	1	0	2.43
Tatoeba	v2021-07-22	ELRC-416-Swedish_Social_Secur	v1	488	80545	1	0	.20
Tatoeba	v2021-07-22	ELRC_416	v1	487	80545	0	0	0
Tatoeba	v2021-07-22	ELRC-436-Swedish_Food	v1	16	80545	1	0	6.25
Tatoeba	v2021-07-22	ELRC-4995-Finnish_Financial_MT	v1	1001	80545	1	0	.09
Tatoeba	v2021-07-22	ELRC-5067-SciPar	v1	457342	80545	3	0	0
Tatoeba	v2021-07-22	ELRC-716-Finnish_Information_	v1	9941	80545	2	0	.02
Tatoeba	v2021-07-22	ELRC-724-Hallituskausi_2007_2	v1	53844	80545	1	0	0
Tatoeba	v2021-07-22	ELRC-725-Hallituskausi_2011_2	v1	31351	80545	1	0	0
Tatoeba	v2021-07-22	ELRC-735-www.norden.org	v1	42742	80545	2	0	0
Tatoeba	v2021-07-22	ELRC-antibiotic	v1	882	80545	1	0	.11
Tatoeba	v2021-07-22	ELRC-EC_EUROPA	v1	2598	80545	3	0	.11
Tatoeba	v2021-07-22	ELRC-EMEA	v1	746684	80545	8	0	0
Tatoeba	v2021-07-22	ELRC-EUIPO_2017	v1	16802	80545	1	0	0
Tatoeba	v2021-07-22	ELRC-EU_publications	v1	12933	80545	3	0	.02
Tatoeba	v2021-07-22	ELRC-EUR_LEX	v1	21735	80545	1	0	0
Tatoeba	v2021-07-22	ELRC-EUROPARL_covid	v1	695	80545	1	0	.14
Tatoeba	v2021-07-22	ELRC-Finnish_Information	v1	9941	80545	2	0	.02
Tatoeba	v2021-07-22	ELRC-presscorner_covid	v1	6752	80545	3	0	.04
Tatoeba	v2021-07-22	ELRC-Swedish_Labour	v1	211	80545	1	0	.47
Tatoeba	v2021-07-22	ELRC-vaccination	v1	471	80545	1	0	.21
Tatoeba	v2021-07-22	ELRC-valtioneuvosto.fi	v1	49316	80545	1	0	0
Tatoeba	v2021-07-22	ELRC-vnk.fi	v1	31527	80545	1	0	0
Tatoeba	v2021-07-22	ELRC-wikipedia_health	v1	334	80545	1	0	.29
Tatoeba	v2021-07-22	ELRC-www.norden.org	v1	42742	80545	2	0	0
Tatoeba	v2021-07-22	ELRC-www.turku.fi	v1	17670	80545	8	0	.04
Tatoeba	v2021-07-22	ELRC-www.vero.fi	v1	21285	80545	1	0	0
Tatoeba	v2021-07-22	ELRC-www.visitestonia.com	v1	14606	80545	2	0	.01
Tatoeba	v2021-07-22	ELRC-www.vtv.fi	v1	42629	80545	1	0	0
Tatoeba	v2021-07-22	EMEA	v3	352115	80545	3	0	0
Tatoeba	v2021-07-22	EUconst	v1	6609	80545	0	0	0
Tatoeba	v2021-07-22	GNOME	v1	13430	80545	2	0	.01
Tatoeba	v2021-07-22	infopankki	v1	21264	80545	4	0	.01
Tatoeba	v2021-07-22	JRC-Acquis	v3.0	13077	80545	0	0	0
Tatoeba	v2021-07-22	KDE4	v2	97623	80545	6	0	0
Tatoeba	v2021-07-22	PHP	v1	916	80545	0	0	0
Tatoeba	v2021-07-22	Ubuntu	v14.10	8138	80545	1	0	.01
Tatoeba	v2021-07-22	wikimedia	v20210402	32290	80545	2	0	0
Tatoeba	v2021-07-22	WMT-News	v2019	18820	80545	7	0	.03
Tatoeba	v2021-07-22	XLEnt	v1.1	2501315	80545	1	0	0
Tatoeba	v2021-07-22	XLEnt	v1	2501315	80545	1	0	0
