corpus A	release A	corpus B	release B	size A	size B	A∩B	A∩B/A	A∩B/B
Tatoeba	v2020-05-31	Tatoeba	v2023-04-12	1913	1993	1913	100.00	95.98
Tatoeba	v2020-05-31	Tatoeba	v2022-03-03	1913	1974	1913	100.00	96.90
Tatoeba	v2020-05-31	Tatoeba	v2021-07-22	1913	1941	1913	100.00	98.55
Tatoeba	v2020-05-31	Tatoeba	v2021-03-10	1913	1934	1913	100.00	98.91
Tatoeba	v2020-05-31	Tatoeba	v2020-11-09	1913	1923	1913	100.00	99.47
Tatoeba	v2020-05-31	Tatoeba	v20190709	1913	1894	1894	99.00	100.00
Tatoeba	v2020-05-31	Tatoeba	v2	1913	501	454	23.73	90.61
Tatoeba	v2020-05-31	NLLB	v1	1913	22449475	39	2.03	0
Tatoeba	v2020-05-31	ParaCrawl	v9	1913	3245616	20	1.04	0
Tatoeba	v2020-05-31	HPLT	v2	1913	2697581	9	.47	0
Tatoeba	v2020-05-31	MultiHPLT	v2	1913	2697581	9	.47	0
Tatoeba	v2020-05-31	ParaCrawl	v8	1913	1995660	7	.36	0
Tatoeba	v2020-05-31	MultiParaCrawl	v7.1	1913	2694761	6	.31	0
Tatoeba	v2020-05-31	ParaCrawl	v7.1	1913	2694760	6	.31	0
Tatoeba	v2020-05-31	QED	v2.0a	1913	17173	5	.26	.02
Tatoeba	v2020-05-31	EUbookshop	v2	1913	91074	4	.20	0
Tatoeba	v2020-05-31	HPLT	v1.1	1913	994747	3	.15	0
Tatoeba	v2020-05-31	HPLT	v1	1913	994747	3	.15	0
Tatoeba	v2020-05-31	MultiHPLT	v1.1	1913	994747	3	.15	0
Tatoeba	v2020-05-31	MultiHPLT	v1	1913	994747	3	.15	0
Tatoeba	v2020-05-31	ELRC-2867-EU_publications_medi	v1	1913	410	1	.05	.24
Tatoeba	v2020-05-31	ELRC-EU_publications	v1	1913	410	1	.05	.24
Tatoeba	v2020-05-31	CCMatrix	v1	1913	1074570	0	0	0
Tatoeba	v2020-05-31	ParaCrawl	v5	1913	774937	0	0	0
Tatoeba	v2020-05-31	ParaCrawl	v4	1913	354264	0	0	0
Tatoeba	v2020-05-31	DGT	v2019	1913	173204	0	0	0
Tatoeba	v2020-05-31	XLEnt	v1.1	1913	170416	0	0	0
Tatoeba	v2020-05-31	XLEnt	v1	1913	170416	0	0	0
Tatoeba	v2020-05-31	XLEnt	v1.2	1913	170416	0	0	0
Tatoeba	v2020-05-31	KDE4	v2	1913	98693	0	0	0
Tatoeba	v2020-05-31	ELRC-781-Gaois_legislation	v1	1913	68272	0	0	0
Tatoeba	v2020-05-31	ELRA-W0223	v1	1913	68271	0	0	0
Tatoeba	v2020-05-31	DGT	v4	1913	38651	0	0	0
Tatoeba	v2020-05-31	wikimedia	v20230407	1913	19361	0	0	0
Tatoeba	v2020-05-31	GNOME	v1	1913	15602	0	0	0
Tatoeba	v2020-05-31	wikimedia	v20210402	1913	9931	0	0	0
Tatoeba	v2020-05-31	ELRC-2442-_Chonradh_Ginearlta	v1	1913	7563	0	0	0
Tatoeba	v2020-05-31	EUconst	v1	1913	6718	0	0	0
Tatoeba	v2020-05-31	ELRC-2438-www.citizensinformat	v1	1913	6690	0	0	0
Tatoeba	v2020-05-31	ELRC-5060-A_mix_annual	v1	1913	6588	0	0	0
Tatoeba	v2020-05-31	ELRC-2443-LithrenGrasinOG	v1	1913	3684	0	0	0
Tatoeba	v2020-05-31	ELRC-2414-Tuarasclaca_Bliantla	v1	1913	2954	0	0	0
Tatoeba	v2020-05-31	ELRC-2497-Tuarascil_Bhliantil_	v1	1913	2645	0	0	0
Tatoeba	v2020-05-31	ELRC-801-Coimisineir_Teanga_R	v1	1913	2103	0	0	0
Tatoeba	v2020-05-31	ELRA-W0230	v1	1913	2102	0	0	0
Tatoeba	v2020-05-31	ELRC-2441-_Chonradh_don	v1	1913	1998	0	0	0
Tatoeba	v2020-05-31	ELRC-805-Udras_na_Gaeltachta	v1	1913	1436	0	0	0
Tatoeba	v2020-05-31	ECDC	v2016-03-16	1913	1354	0	0	0
Tatoeba	v2020-05-31	ELRC-784-Coimisineir_Teanga_R	v1	1913	1227	0	0	0
Tatoeba	v2020-05-31	ELRA-W0224	v1	1913	1226	0	0	0
Tatoeba	v2020-05-31	ELRC-5086-Intellectual_Propert	v1	1913	1136	0	0	0
Tatoeba	v2020-05-31	ELRC-2559-government_websites_	v1	1913	1135	0	0	0
Tatoeba	v2020-05-31	ELRC-government_websites	v1	1913	1135	0	0	0
Tatoeba	v2020-05-31	ELRC-5136-Tuarasclacha_Bliantl	v1	1913	1037	0	0	0
Tatoeba	v2020-05-31	ELRC-2506-Programme_Government	v1	1913	1021	0	0	0
Tatoeba	v2020-05-31	ELRC-2424-Preasritis_Gaois_Fio	v1	1913	974	0	0	0
Tatoeba	v2020-05-31	ELRC-5149-Tuarascil_Bhliantil_	v1	1913	947	0	0	0
Tatoeba	v2020-05-31	ELRC-5123-2020_Annual_Report	v1	1913	766	0	0	0
Tatoeba	v2020-05-31	ELRC-2439-Ritis_Airgeadais_Oll	v1	1913	677	0	0	0
Tatoeba	v2020-05-31	ELRC-5124-Government_Ireland_P	v1	1913	512	0	0	0
Tatoeba	v2020-05-31	ELRC-5150-Language_Scheme_Cust	v1	1913	491	0	0	0
Tatoeba	v2020-05-31	ELRC-2469-Ritis_Airgeadais_Oif	v1	1913	488	0	0	0
Tatoeba	v2020-05-31	ELRC-3557-EUR_LEX_covid	v1	1913	397	0	0	0
Tatoeba	v2020-05-31	ELRC-EUR_LEX	v1	1913	397	0	0	0
Tatoeba	v2020-05-31	Ubuntu	v14.10	1913	389	0	0	0
Tatoeba	v2020-05-31	ELRC-2748-vaccination	v1	1913	360	0	0	0
Tatoeba	v2020-05-31	ELRC-vaccination	v1	1913	360	0	0	0
Tatoeba	v2020-05-31	ELRC-2420-Press_Releases_Depar	v1	1913	354	0	0	0
Tatoeba	v2020-05-31	ELRC-Press_Releases	v1	1913	354	0	0	0
Tatoeba	v2020-05-31	ELRC-5126-IRC_Early_Career	v1	1913	343	0	0	0
Tatoeba	v2020-05-31	ELRC-5125-IRC_Conditions_award	v1	1913	315	0	0	0
Tatoeba	v2020-05-31	ELRC-780-Coimisineir_Teanga	v1	1913	313	0	0	0
Tatoeba	v2020-05-31	ELRC-5145-Roinn_an_Dl	v1	1913	285	0	0	0
Tatoeba	v2020-05-31	ELRC-804-UCD_Bord_na	v1	1913	256	0	0	0
Tatoeba	v2020-05-31	ELRC-2468-Oifig_Ombudsman_irin	v1	1913	250	0	0	0
Tatoeba	v2020-05-31	ELRC-2466-Leabhrn_dAonad_Altra	v1	1913	221	0	0	0
Tatoeba	v2020-05-31	ELRC-3194-antibiotic	v1	1913	196	0	0	0
Tatoeba	v2020-05-31	ELRC-antibiotic	v1	1913	196	0	0	0
Tatoeba	v2020-05-31	ELRC-2458-Tarmaocht_agus_aistr	v1	1913	189	0	0	0
Tatoeba	v2020-05-31	ELRC-5142-Preasriteas__Cholist	v1	1913	185	0	0	0
Tatoeba	v2020-05-31	ELRC-2440-Polsas_ar_Fheinilach	v1	1913	178	0	0	0
Tatoeba	v2020-05-31	ELRC-5138-Preasritis__Choliste	v1	1913	171	0	0	0
Tatoeba	v2020-05-31	ELRC-5143-Preasriteas__Cholist	v1	1913	165	0	0	0
Tatoeba	v2020-05-31	ELRC-2425-Preasritis_Gaois_Fio	v1	1913	163	0	0	0
Tatoeba	v2020-05-31	ELRC-5144-Iarracht_ar_Threoir	v1	1913	160	0	0	0
Tatoeba	v2020-05-31	ELRC-5135-Preasritis__Choliste	v1	1913	144	0	0	0
Tatoeba	v2020-05-31	ELRC-5146-Irish_Government_Pre	v1	1913	115	0	0	0
Tatoeba	v2020-05-31	ELRC-5137-Preasritis__Choliste	v1	1913	107	0	0	0
Tatoeba	v2020-05-31	ELRC-2467-Preasritis_Oifig_an	v1	1913	92	0	0	0
Tatoeba	v2020-05-31	TED2020	v1	1913	80	0	0	0
Tatoeba	v2020-05-31	ELRC-2423-Preasritis_Ollscoil_	v1	1913	72	0	0	0
Tatoeba	v2020-05-31	ELRC-2452-Tuairisc_a_thug	v1	1913	51	0	0	0
Tatoeba	v2020-05-31	ELRC-3456-EC_EUROPA_covid	v1	1913	51	0	0	0
Tatoeba	v2020-05-31	ELRC-EC_EUROPA	v1	1913	51	0	0	0
Tatoeba	v2020-05-31	ELRC-2505-Preasriteas_M_Iil	v1	1913	41	0	0	0
Tatoeba	v2020-05-31	ELRC-2508-Preasritis_Ollscoil_	v1	1913	39	0	0	0
Tatoeba	v2020-05-31	ELRC-5141-Preasritis__Choliste	v1	1913	39	0	0	0
Tatoeba	v2020-05-31	ELRC-5153-A_crisis_number	v1	1913	24	0	0	0
Tatoeba	v2020-05-31	ELRC-2449-Litir__Oifig	v1	1913	23	0	0	0
Tatoeba	v2020-05-31	ELRC-2460-Preasriteas_faoi_foi	v1	1913	23	0	0	0
Tatoeba	v2020-05-31	ELRC-5139-Bileog_do_Phlean	v1	1913	22	0	0	0
Tatoeba	v2020-05-31	ELRC-2465-Faisnis_faoi_IDS	v1	1913	21	0	0	0
Tatoeba	v2020-05-31	ELRC-2509-Comhdhil_Cumann_Idir	v1	1913	21	0	0	0
Tatoeba	v2020-05-31	ELRC-2463-Toili_don_Scagthstil	v1	1913	20	0	0	0
Tatoeba	v2020-05-31	ELRC-5128-Celebrating_Our_Livi	v1	1913	19	0	0	0
Tatoeba	v2020-05-31	ELRC-3285-EUROPARL_covid	v1	1913	17	0	0	0
Tatoeba	v2020-05-31	ELRC-EUROPARL_covid	v1	1913	17	0	0	0
Tatoeba	v2020-05-31	ELRC-3598-presscorner_covid	v1	1913	16	0	0	0
Tatoeba	v2020-05-31	ELRC-presscorner_covid	v1	1913	16	0	0	0
Tatoeba	v2020-05-31	ELRC_2923	v1	1913	13	0	0	0
Tatoeba	v2020-05-31	ELRC-2451-Pleananna_ITBC_le	v1	1913	11	0	0	0
Tatoeba	v2020-05-31	ELRC-2464-Foirm_FSS_Iarratais	v1	1913	11	0	0	0
Tatoeba	v2020-05-31	ELRC_3382	v1	1913	8	0	0	0
Tatoeba	v2020-05-31	ELRC-2459-Pstaer_faoi_scoil	v1	1913	7	0	0	0
Tatoeba	v2020-05-31	ELRC-2462-Preasriteas_faoi_Uac	v1	1913	6	0	0	0
