corpus A	release A	corpus B	release B	size A	size B	A∩B	A∩B/A	A∩B/B
Tatoeba	v2020-05-31	Tatoeba	v2020-11-09	2	3	2	100.00	66.66
Tatoeba	v2020-05-31	Tatoeba	v2021-03-10	2	3	2	100.00	66.66
Tatoeba	v2020-05-31	Tatoeba	v2021-07-22	2	3	2	100.00	66.66
Tatoeba	v2020-05-31	Tatoeba	v2022-03-03	2	3	2	100.00	66.66
Tatoeba	v2020-05-31	Tatoeba	v2023-04-12	2	3	2	100.00	66.66
