corpus A	release A	corpus B	release B	size A	size B	A∩B	A∩B/A	A∩B/B
Tatoeba	v2	Tatoeba	v2023-04-12	7866	12043	7366	93.64	61.16
Tatoeba	v2	Tatoeba	v2022-03-03	7866	11942	7366	93.64	61.68
Tatoeba	v2	Tatoeba	v2021-07-22	7866	11933	7366	93.64	61.72
Tatoeba	v2	Tatoeba	v2021-03-10	7866	11925	7366	93.64	61.76
Tatoeba	v2	Tatoeba	v2020-11-09	7866	11921	7366	93.64	61.79
Tatoeba	v2	Tatoeba	v2020-05-31	7866	11894	7366	93.64	61.93
Tatoeba	v2	Tatoeba	v20190709	7866	11863	7366	93.64	62.09
Tatoeba	v2	Ubuntu	v14.10	7866	697	0	0	0
Tatoeba	v2	wikimedia	v20190628	7866	33	0	0	0
Tatoeba	v2	wikimedia	v20230407	7866	30	0	0	0
Tatoeba	v2	wikimedia	v20210402	7866	29	0	0	0
Tatoeba	v2	GNOME	v1	7866	1	0	0	0
